normal first 100k rechts
H: 0.22050350818264944
S: 0.11434716079792495
C: 0.6651493310194256


random1 first 100k links
H: 0.21725228959983228
S: 0.10838709882367142
C: 0.6743606115764963


